----------------------------------------
 Matriz Ejercicio 3
[[  1.      9.     17.     25.    -99.     41.     49.     57.      0.4
    0.41    0.42    0.43    0.44   57.   ]
 [  2.     10.     18.     26.     34.     42.     50.     58.      0.45
    0.46    0.47    0.48    0.49   58.   ]
 [-99.     11.     19.     27.     35.    -99.     51.     59.      0.5
    0.51    0.52    0.53    0.54   59.   ]
 [  4.     12.     20.     28.     36.     44.     52.     60.      0.55
    0.56    0.57    0.58    0.59   60.   ]
 [  5.    -99.     21.     29.     37.     45.    -99.     61.      0.6
    0.61    0.62    0.63    0.64   61.   ]
 [  6.     14.     22.     30.     38.     46.     54.     62.      0.65
    0.66    0.67    0.68    0.69   62.   ]
 [  7.     15.    -99.     31.     39.     47.     55.    -99.      0.7
    0.71    0.72    0.73    0.74   55.   ]
 [  8.     16.     24.     32.     40.     48.     56.     64.      0.75
    0.76    0.77    0.78    0.79   64.   ]
 [ -8.25   -1.5     5.25   28.5    20.     26.75   33.5    40.25    0.575
    0.585   0.595   0.605   0.615  40.25 ]]
----------------------------------------